Data	mes	grnd3	elet6	bbas3	petr4	csna3
05/12/2012	dez	15.25	9.15	22.45	18.94	10.58
06/12/2012	dez	15.3	9.16	22.36	18.7	10.5
07/12/2012	dez	15.28	9.2	22.84	19.08	10.72
10/12/2012	dez	15.21	9.3	23	19.57	11.26
11/12/2012	dez	15.09	9.52	23	19.99	11.5
12/12/2012	dez	15	9.65	23.2	19.85	11.63
13/12/2012	dez	15	9.6	22.56	19.57	11.46
14/12/2012	dez	14.99	9.74	22.38	20.21	11.61
17/12/2012	dez	15.2	9.83	22.28	19.92	11.62
18/12/2012	dez	15.27	9.93	22.98	20.17	12.21
19/12/2012	dez	15.4	10.01	24.2	20.93	12.14
20/12/2012	dez	16.05	9.98	25	21.05	12.01
21/12/2012	dez	16.05	10.25	25.2	20.69	11.73
26/12/2012	dez	16.23	10.47	25	20.06	11.78
27/12/2012	dez	16.2	10.44	25.06	19.41	11.79
28/12/2012	dez	16.49	10.48	25.6	19.52	11.86
02/01/2013	jan	16.43	10.95	25.8	19.69	12.62
03/01/2013	jan	16.11	11.2	26.31	20.4	12.8
04/01/2013	jan	16.3	11.22	26	20.48	12.26
07/01/2013	jan	16.8	10.69	26.15	20.08	12.26
08/01/2013	jan	16.85	9.69	26.45	19.5	12.15
09/01/2013	jan	16.88	10.11	26.7	19.68	12.49
10/01/2013	jan	16.76	10.29	26.3	19.83	12.71
11/01/2013	jan	16.9	10.65	25.98	19.88	12.62
14/01/2013	jan	17.16	10.8	26.93	19.85	12.7
15/01/2013	jan	17.15	11.16	26.7	19.82	12.47
16/01/2013	jan	17.35	11.47	26.86	19.84	12.44
17/01/2013	jan	17.5	11.76	26.81	19.71	11.98
18/01/2013	jan	17.46	12.23	26.2	19.58	12
21/01/2013	jan	17.48	12.9	25.93	19.39	11.74
22/01/2013	jan	17.18	13.7	25.64	19.58	11.85
23/01/2013	jan	17.26	13.12	25.5	19.55	11.97
24/01/2013	jan	17.2	12.65	25.4	19.61	11.38
28/01/2013	jan	17.29	12.17	24.71	19.37	11.03
29/01/2013	jan	17.22	12.38	25.02	19.11	11.28
30/01/2013	jan	17.2	12.2	24.8	18.2	10.81
31/01/2013	jan	17.52	12.64	24.4	18.08	10.75
01/02/2013	fev	17.4	12.62	24.3	18.46	11.15
04/02/2013	fev	17.28	12.5	23.85	18	10.83
05/02/2013	fev	17.5	12.5	24.06	18.08	10.88
06/02/2013	fev	17.3	12.29	23.93	17.6	10.98
07/02/2013	fev	17.2	11.78	23.65	17.5	10.8
08/02/2013	fev	17.35	11.61	23.82	17.74	10.58
13/02/2013	fev	18.07	11.6	23.86	17.8	10.61
14/02/2013	fev	18.15	11.66	23.8	17.67	10.62
15/02/2013	fev	18.22	11.85	24.4	17.63	10.63
18/02/2013	fev	18.15	11.76	24.08	17.9	10.54
19/02/2013	fev	18.2	11.74	24.53	18.1	10.35
20/02/2013	fev	17.18	11.44	24.3	17.62	9.95
21/02/2013	fev	17.09	11.59	25.29	17.32	9.86
22/02/2013	fev	17.48	11.59	25.72	17.15	9.72
25/02/2013	fev	17.6	12	25.41	16.95	9.79
26/02/2013	fev	17.98	12.19	25.39	16.74	10
27/02/2013	fev	18.29	12.4	26.15	16.81	9.97
28/02/2013	fev	18.34	12.54	26.34	16.61	10
01/03/2013	mar	19.43	12.32	26.82	16.9	9.72
04/03/2013	mar	19.74	12.29	26.52	16.5	9.8
05/03/2013	mar	19.96	12.03	26.38	16.56	9.95
06/03/2013	mar	20.68	12.09	26.66	18.05	10.5
07/03/2013	mar	21	12.5	26.78	18.95	10.62
08/03/2013	mar	21	12.55	27.27	18.37	10.64
11/03/2013	mar	21.1	12.57	27.17	18.93	10.49
12/03/2013	mar	21.6	12.77	26.59	18.74	10.47
13/03/2013	mar	21.45	12.66	26.32	18.76	10.18
14/03/2013	mar	21.6	12.24	26.42	19.38	10.1
15/03/2013	mar	20.95	12.26	26.35	19.09	9.78
18/03/2013	mar	21.2	11.99	25.99	19.2	9.91
19/03/2013	mar	21.61	12	26.37	19.1	9.28
20/03/2013	mar	21.5	11.48	26.82	18.85	9.42
21/03/2013	mar	21.03	11.47	26.8	18.53	9.12
22/03/2013	mar	21.17	11.38	26.6	18.63	9.3
25/03/2013	mar	21.06	11.38	26.44	18.63	9.04
26/03/2013	mar	21.2	11.06	26.65	18.59	9.19
27/03/2013	mar	21.26	10.93	26.9	18.42	9.09
28/03/2013	mar	21.49	12.7	27.45	18.35	9.13
01/04/2013	abr	21	12.75	27.63	18.04	9.6
02/04/2013	abr	21.3	12.26	27.65	17.7	8.85
03/04/2013	abr	21.1	12.1	27.05	18	8.9
04/04/2013	abr	21.21	11.9	26.44	17.72	8.62
05/04/2013	abr	21.4	11.95	26.58	17.8	8.43
08/04/2013	abr	21.53	11.48	27.02	17.41	8.33
09/04/2013	abr	21.5	11.43	27.59	18.15	8.47
10/04/2013	abr	22.01	11.37	28.18	18.42	8.44
11/04/2013	abr	22.25	11.09	28.32	17.99	8.19
12/04/2013	abr	21.57	11	28.35	17.96	8.18
15/04/2013	abr	21	10.39	27.85	17.23	7.83
16/04/2013	abr	21.49	10.4	28.15	17.7	7.68
17/04/2013	abr	21.89	10.1	27.6	17.17	7.7
18/04/2013	abr	21.95	9.9	26.83	17.82	7.82
19/04/2013	abr	22.4	9.9	26.6	18.48	7.85
22/04/2013	abr	22.74	10.34	26.56	18.77	7.81
23/04/2013	abr	23.4	10.37	26.78	19.18	7.97
24/04/2013	abr	22.75	10.5	26.2	19.45	8.03
25/04/2013	abr	22.85	10.4	25.74	19.2	7.85
26/04/2013	abr	22.75	10.16	25.19	19.29	7.74
29/04/2013	abr	22.55	10.14	24.97	20.35	7.87
30/04/2013	abr	22.82	10.45	25.13	20.09	7.9
02/05/2013	mai	22.8	8.66	24.96	20.25	7.8
03/05/2013	mai	22.33	8.5	24.79	20	7.77
06/05/2013	mai	22.19	8.03	24.37	20.35	7.69
07/05/2013	mai	22.92	8.14	25.41	20.62	7.72
08/05/2013	mai	22.58	8.2	25.46	20.29	7.6
09/05/2013	mai	22.25	8.22	25.28	20.21	7.5
10/05/2013	mai	22.31	8.21	25.42	19.95	7.29
13/05/2013	mai	22.46	8.27	25.13	19.39	7.11
14/05/2013	mai	22.54	8.23	25.26	19.55	6.89
15/05/2013	mai	22.48	8.28	24.68	19.57	6.71
16/05/2013	mai	21.75	9.39	25.17	19.75	6.7
17/05/2013	mai	22	9.3	25.92	19.95	6.7
20/05/2013	mai	21.95	9.43	26.57	20.2	6.85
21/05/2013	mai	21.85	10.09	26.35	20.24	7.04
22/05/2013	mai	21.99	10.85	26.68	19.92	7
23/05/2013	mai	21.62	11.05	26.65	19.86	6.97
24/05/2013	mai	21.73	11.45	26.69	20.05	7.05
27/05/2013	mai	21.84	11.15	26.82	19.94	7.05
28/05/2013	mai	21.54	11.11	26.79	20.07	6.98
29/05/2013	mai	21.08	10.5	25.87	19.85	6.75
31/05/2013	mai	19.6	10.01	25.4	20.05	6.61
03/06/2013	jun	19.8	10.25	25.53	20.29	6.76
04/06/2013	jun	20.74	10.1	25.04	20.07	6.72
05/06/2013	jun	20.97	9.76	24.45	19.42	6.44
06/06/2013	jun	20.76	9.5	24.36	19.46	6.33
07/06/2013	jun	20.36	9	23.7	18.84	6.14
10/06/2013	jun	20.05	8.81	23.94	18.88	6.04
11/06/2013	jun	19.82	8.75	23.35	18.53	5.82
12/06/2013	jun	20.3	8.57	22.34	18.12	5.87
13/06/2013	jun	20.37	9.03	22.81	18.8	6.35
14/06/2013	jun	20.1	8.71	22.92	18.06	6.42
17/06/2013	jun	20.34	9	22.98	18.09	6.41
18/06/2013	jun	20.01	9.28	22.6	17.83	6.59
19/06/2013	jun	19.39	9.04	21.89	17.2	6.48
20/06/2013	jun	19.27	8.9	21.15	17.02	6.6
21/06/2013	jun	20.2	8.58	21.12	16.46	6.43
24/06/2013	jun	20	8.28	21.07	15.91	6.19
25/06/2013	jun	20	8.5	21.25	16	6.32
26/06/2013	jun	20.35	8.5	21.3	16.15	6.16
27/06/2013	jun	20.55	8.63	21.52	16.38	6.18
28/06/2013	jun	20.26	8.73	22.13	16.18	5.97
01/07/2013	jul	20.6	8.6	22.15	16.16	6.05
02/07/2013	jul	20.2	8.5	20.9	15.39	5.7
03/07/2013	jul	19.61	8.5	20.3	15.9	5.55
04/07/2013	jul	19.65	8.78	20.61	15.96	5.67
05/07/2013	jul	19.4	8.83	20.44	15.15	5.45
08/07/2013	jul	19.48	8.88	20.41	14.98	5.46
10/07/2013	jul	19.11	9.04	20.54	15.21	5.52
11/07/2013	jul	19	9.14	21.15	15.8	5.91
12/07/2013	jul	19.1	9.28	21	15.43	5.61
15/07/2013	jul	19.31	9.73	21.59	15.54	6.07
16/07/2013	jul	19.95	9.62	22.2	15.75	5.88
17/07/2013	jul	20.09	9.43	22.4	16.06	6.01
18/07/2013	jul	20.5	9.18	22.59	16.1	5.99
19/07/2013	jul	20.5	8.94	22.3	15.88	6
22/07/2013	jul	21.1	9.21	22.76	16.3	6.3
23/07/2013	jul	21.38	9.07	23.04	16.41	6.49
24/07/2013	jul	21.55	8.92	22.86	16.39	6.31
25/07/2013	jul	21.66	9.06	22.59	16.84	6.4
26/07/2013	jul	21.45	9.08	22.49	16.95	6.95
29/07/2013	jul	21.7	8.83	22.69	16.68	7.09
30/07/2013	jul	21.88	8.55	22.94	16.46	6.67
31/07/2013	jul	21.3	8.32	22.67	16.29	6.57
01/08/2013	ago	21.46	8.38	23.15	16.94	6.62
02/08/2013	ago	21.2	8.22	22.81	16.81	6.45
05/08/2013	ago	21.5	8.41	22.21	16.65	6.56
06/08/2013	ago	21.5	8.15	21.42	16.28	6.48
07/08/2013	ago	21.4	8.11	21.32	16.25	6.7
08/08/2013	ago	21.31	8.41	22.11	16.65	6.75
09/08/2013	ago	21.46	8.7	22.6	17.08	7.06
12/08/2013	ago	21.5	9.01	22.95	16.53	7.25
13/08/2013	ago	21.5	9.14	23.34	16.37	7.49
14/08/2013	ago	21.55	9.14	23.47	16.95	7.65
15/08/2013	ago	21.28	9.22	23.2	17.83	7.8
16/08/2013	ago	21.25	9.25	23.15	17.78	8.35
19/08/2013	ago	21.25	8.84	22.52	17.83	8.88
20/08/2013	ago	20.45	8.94	22.3	17.13	8.57
21/08/2013	ago	20.09	9.03	21.98	17.34	8.64
22/08/2013	ago	19.86	9.22	22.73	18.26	9.04
23/08/2013	ago	19.71	9.21	22.24	18.55	8.81
26/08/2013	ago	19.38	8.89	21.8	18.19	8.75
27/08/2013	ago	19.05	8.73	21.8	17.45	8.57
28/08/2013	ago	19.13	9.1	22.1	17.16	8.6
29/08/2013	ago	19.51	9.13	22.59	16.9	8.52
30/08/2013	ago	19.15	9.17	23.05	16.8	8.42
02/09/2013	set	19	9.35	23.25	16.94	8.87
03/09/2013	set	18.61	9.5	23.03	16.78	8.85
04/09/2013	set	19.3	9.55	23.21	16.85	9.08
05/09/2013	set	18.95	9.85	23.57	17.54	9.16
06/09/2013	set	19.08	9.95	23.75	17.76	9.19
09/09/2013	set	19.15	10.27	24.24	18.17	9.37
10/09/2013	set	19.68	10.17	24.65	18.34	9.45
11/09/2013	set	19.7	10.13	24.51	18.25	9.37
12/09/2013	set	19.75	10.07	23.78	17.85	9.36
13/09/2013	set	19.48	10.13	24	18.13	9.4
16/09/2013	set	20.09	10.12	24.14	18.45	9.29
17/09/2013	set	20.25	10.28	24.53	18.53	9.33
18/09/2013	set	19.87	10.37	25.35	18.9	9.45
19/09/2013	set	20.63	10.12	25.6	19.16	9.44
20/09/2013	set	20.35	10.3	25.5	18.94	9.29
23/09/2013	set	19.98	10.45	26.23	19.12	9.3
24/09/2013	set	20	10.24	25.94	18.77	9.36
25/09/2013	set	19.84	10.26	25.75	18.8	9.45
26/09/2013	set	19.84	10.24	25.7	18.59	9.74
27/09/2013	set	20	10.2	26.43	18.5	9.66
30/09/2013	set	19.74	10.47	25.85	18.36	9.46
01/10/2013	out	19.9	10.72	26.09	18.67	9.4
02/10/2013	out	19.67	10.69	26.14	18.78	9.39
03/10/2013	out	19.8	10.96	26.15	18.54	9.47
04/10/2013	out	20.22	10.85	26.22	18.67	9.78
07/10/2013	out	20.8	10.95	26.32	18.62	9.86
08/10/2013	out	20.75	10.86	26.03	18.31	9.95
09/10/2013	out	20.35	10.88	26.48	18.07	9.92
10/10/2013	out	19.9	11.12	26.8	18.15	10.39
11/10/2013	out	20.5	10.96	26.68	18.1	10.61
14/10/2013	out	20.7	11.34	27.06	18.27	11.09
15/10/2013	out	20.94	11.59	27.05	18.42	11.44
16/10/2013	out	21.12	11.69	27.65	18.35	11.74
17/10/2013	out	21.05	11.73	27.78	18.21	11.57
18/10/2013	out	20.95	11.83	28.35	17.93	11.7
21/10/2013	out	20.65	11.95	28.1	18.88	11.91
22/10/2013	out	20.6	12	28.15	18.55	12.4
23/10/2013	out	20.37	11.88	28	18.33	12.21
24/10/2013	out	20.2	11.7	28.34	18.24	11.88
25/10/2013	out	20.2	11.64	28.67	18.49	11.7
28/10/2013	out	20.1	11.91	28.56	19.89	11.94
29/10/2013	out	20.2	11.9	28.65	19.7	11.82
30/10/2013	out	20.38	11.67	29.26	19.95	11.95
31/10/2013	out	20.3	11.91	29.75	20.43	12.19
01/11/2013	nov	20.85	11.6	29.7	19.86	12.85
04/11/2013	nov	20.83	11.47	29.89	20.22	12.71
05/11/2013	nov	20.49	11.06	29.46	20.25	12.72
06/11/2013	nov	20	10.71	28.73	20.41	12.7
07/11/2013	nov	20.2	10.57	28.59	20	12.5
08/11/2013	nov	20.03	10.45	27.84	19.64	12.81
11/11/2013	nov	20.35	10.42	28.09	20.09	12.86
12/11/2013	nov	20.25	10.5	26.6	19.55	12.4
13/11/2013	nov	20.25	10.71	26.43	19.94	12.52
14/11/2013	nov	20.21	10.82	26.88	20.45	12.62
18/11/2013	nov	20.27	11	27.01	21.44	12.83
19/11/2013	nov	19.6	10.55	26.1	21.11	12.57
21/11/2013	nov	19.05	10.54	25.57	20.9	12.6
22/11/2013	nov	18.57	10.74	24.65	20.67	12.5
25/11/2013	nov	18.02	10.88	24	20.36	12.24
26/11/2013	nov	17.88	10.6	24.75	19.08	11.82
27/11/2013	nov	18	10.35	25.4	18.97	11.96
28/11/2013	nov	18.07	10.2	25.47	18.66	11.76
29/11/2013	nov	18.29	10.41	25.72	19.12	11.91
02/12/2013	dez	17.81	10.07	24.91	17.36	11.96
03/12/2013	dez	17.95	10.02	24.39	17.51	11.77
04/12/2013	dez	17.96	10.1	23.91	17.4	12.04
